0
0
0
0
0
0
47180
50095
0
0
0
0
0
0
159306
8750
8750
8750
0
1843
0
204668
199173
181070
186342
181671
0
302302
297470
159306
9674
9143
33971
81850
8413
25132
49760
96847
9667
27071
52547
100959
110289
118484
125688
126856
148956
150178
170991
172283
192390
193716
193999
234089
272150
272600
341999
342614
405777
404880
458661
459928
460847
145530
461519
503750
223671
297540
297725
241371
281443
321131
249570
284434
237302
244409
378755
241867
344237
346961
326944
396046
396164
348877
381085
420385
357019
384049
334870
348444
471499
346851
450044
249556
273598
270466
278915
333150
378964
247864
366142
404375
229535
292971
314817
281308
317726
297565
291954
311108
314829
291954
198570
228663
228663
241967
239942
238840
309291
231692
231692
288048
486018
283559
340527
300465
481401
248933
290069
248437
481617
481447
232668
499501
500126
239806
499547
338039
249607
355485
380946
374000
378344
444129
480599
354464
488099
523993
333700
395122
414342
380904
416036
396078
393638
410472
414375
393638
277430
332823
332823
346692
342553
341545
410538
331409
331409
384857
379811
447156
397739
356625
397245
356152
332451
340976
445277
282141
282466
184966
282581
195531
194314
193910
191254
190612
192062
240181
288907
192068
190870
190100
253010
323476
183758
273591
202000
202000
255974
303415
220079
218926
218130
264660
327517
198931
197696
288404
420447
417190
417028
430783
197613
198044
235844
417083
430843
190942
321992
322483
323660
324166
321032
223475
214383
233020
213388
215084
224301
308185
333332
248306
243360
243937
291134
213533
280559
279820
257146
247949
243239
202539
205265
192087
258422
186449
204484
296086
250610
245631
332311
440343
256187
273923
258442
319373
204620
246171
373956
217071
206433
298523
333730
286008
205019
251590
254296
322904
363441
539006
328242
307431
401555
398769
358755
452923
446093
525980
516860
394728
336215
307758
429389
497101
489841
455479
230945
231943
314171
325194
297094
236949
190870
283928
199215
516138
419737
280954
465718
309041
356396
315893
333956
342494
338177
441342
454130
422219
465127
441109
427931
427931
181070
199173
186360
186360
204959
186342
191268
190040
189155
254516
181671
181671
323476
235755
284670
190528
430843
430783
430898
417083
417028
204758
217572
210077
222539
224455
207511
211567
210307
209595
325412
239377
287158
204668
204875
205410
221207
215831
253661
215382
419582
422821
341744
287314
282614
282614
202732
203223
229539
64300
163408
180002
180057
179997
180052
179997
202715
243684
243684
210258
210258
210278
210262
210258
210258
210264
346689
346691
210287
210287
210258
210285
249120
208890
208890
226383
208890
208890
432534
439490
272414
0
421406
187253
421406
126489
0
0
0
10087
19946
29788
39477
49120
58715
68390
78015
87674
97224
106543
115941
125342
134569
143535
152435
161261
170051
178766
187409
196013
204633
213209
221605
229873
238107
246297
254464
262513
270489
278290
286075
293822
301293
308855
316353
323819
331226
338583
345731
352922
360087
367143
374081
380984
387778
394532
401176
407704
414299
420785
427311
433690
439959
446171
452220
458201
464164
470029
475858
481768
487678
493473
499117
504751
510262
515735
521088
526337
531551
536738
541911
547026
552055
556999
561888
566725
571488
576190
580844
585389
589921
594431
598908
603335
607715
612101
616448
620754
624978
629148
633242
637304
641342
645325
649268
653145
656987
660766
664517
668206
671935
675646
679368
683071
686750
690411
694046
697655
701252
704816
708326
711806
715265
718704
722167
725587
728970
732329
735631
0
0
0
